presentation:212591,217287,237747
rust:258069,237199,275801,65,243315,259299,79,225003,5,261629,247521,239067,133,262235,266813,274455,267661,261201,153,275791,269809,249537,275467,268609,244537,225507,266715,275157,259993
facebook_api:264093
css:270637,217911,249367,262833,248715,218199,243821,253131,250761,265753,261769,233653,252181,258061,271545,267975,235701,259783,220715,219591,250005,249735,250239,202408,265497,238607,251797,214319,203658,264037,270617,236785,227069,214917,215671,219533,210058,256109,250193,267181,215185,223555,242643,237991,212767,247893,250021,203440,247731,247419,216839,203942,218223,203694,271739,216375,242545,206956,6,201670,244207,236491,242009,240539,256117,238449,235931,270579,256183,257191,244681,250001,207572,254585,248561,207698,49,212689
cases:206912
coworking:200052
office:234893,213503,200052,227615
linux_dev:12,273141,274195,126
data_visualization:275289,247581,274155,267401,266317,252985,264663,270573,270675,220135,230391,215881,269675,241023,264191,228893,78,15,222473,262115,273327,220159,264375,253285,218075,245221,248969,232761,266571,209506,218389,222811,258621,108,271125,267123,269931,235467,235283,251755,227127,216491,234995,273563,138
firefox:234599,262853,255345,216723,218207,216279,243869,224359,249735,240723,249219,217471,235035,256339,205542,212513,221349,213393,249949,227309,253913,213661
kotlin:125,274997,221269
Dart:274203,272369,254229,155,244219,149,209696,274437,269239,90,254261
it-infrastructure:231357,275611,210036,255717,200076,261605,258877,247439,219623,256021,223319,232905,265703,209450,240047,262115,219811,270497,10,237993,206728,205858,218249,266169,224869,253343,252269,262049,268813,266069,265027,258881,233297,250601,224573,236103,224553,270385,250489,267103,211306,232705,229413,210106,258229,266689,257479,234213,253419,268497,248677,224901,257605,226639,245859,254403,258841,232173,99,216005,222455,221515,256115,232095,257227,233105,265763,270657,257241,232925,256107,272461,270321,244869,263893,207452,251435,231335,215597,212597,201504,235593,250487,273731,259315,250705,243045,230233,263875,260869,264249,232271,214409,216315,101,230909,270611,269321,253139,252645,246269,234257,229091,256689,217337,241541,265755,233883,224967,249257,255655,269531,266419,200476,228157,259147
c:275135,220927,255513,242359,258721,222813,256577,270081,240513,222877,247017,230777,248651,259007,110,262471,243481,253321,234601,252101,269383,233503,214291,253811,114,252501,270863,241812,240163,219139,256641,272815,259473,264585,275823,248025,271549,149,8,261287,156,248385,254831,266901,255323,263545,220111,266591,244759,207478,202186,219133,256743,275861,244881,249537,211647,208180,207122,270083,256621
internet_regulation:222249,239123,209156,231829,222853
vkontakte:204416,219715,218517,227981,210236
apple:225447,201974,227615,223937,211554,238183,223061,229319,224983,237111,239759,236311,201636,239101,226345,237419
telephone:268175,270153,267563,88,267447,266169
Haskell:207126,203690,253157,211871,248257,215161,84,240783,242351,269939,203800,254715,272871,248685,205830,263959,204086,248043
iis:240495
reelance:032,094,7968,074,066,442,092,028,042,070,098,054,076,056,040
sw:229403,246991,256083,249215,240295,247457,256331,256787,204124,156,253479,275865,245241,247225,246017
infolust:206924,207352,218647
soft:208080,201954,205592,238817,239761,204930,229965,217287,207376,215149
android_dev:252969,216853,243853,250703,202480,266801,201886,255893,276381,222199,256643,263561,264909,223431,214683,257229,203368,263079,230525,212341,253175,268991,259805,241117,246817,243331,257135,265261,269371,210898,216591,248539,265107,247561,249305,256393,208984,217011,218817,249023,252823,208504,256143,248923,264117,236721,260609,254737,251165,205620,271737,262321,241289,250607,229649,252629,215591,230399,258627,250745,259007,246575,268179,244423,255651,255653,266045,213027,217593,275097,231429,250727,237095,252869,228911,234439,252775,200646,261623,274801,204384,218381,257661,227541,24,240045,205308,48,254801,248653,130,244087,261175,229039,218037,248273,216069,258115,231787,251943,228835,227109,235409,255753,265083,50,230665,249961,254149,249765,267405,238429,265727,245027,209922,243519,27,216713,269919,270655,240107,257383,241858,226251,260787,213193,75,225567,266297,247079,243411,253099,265269,54,271541,265815,203750,251751,220947,246819,215027,226897,256121,240105,267275,274635,210584,266301,270411,255941,276135,233265,234425,219327,218425,253471,221851,237499,239217,270479,224517,205950,246935,253321,276119,268923,267311,254899,258707,222567,250765,206952,262475,228365,239919,254895,275691,7,223847,269491,237173,250873,236745,218365,215329,260317,68,249757,227863,261721,255051,269517,242669,217377,252367,225423,265163,270361,151,261781,269471,235601,263649,237725,264399,248479,206064,225649,208344,265527,221647,272423,267783
browser_extensions:241199,255253,221951,226063,267501,257361,253617,233651,246351,257665,257647,250601,252737
datadev:250709,249901,256115,259315,258661,256021,257241
IPTV:260727,219513,242585,267149,211911,258841,246153
cisconetworks:252127,262027,252085,254293,245657,273813,269117,207182,79,63,234681,245047,260721,271223,220431,228539,212049,241021,262047,220449,270841,224869,217787,243887,208106,210100
nodejs:237933,252733,245991,215651,233827,247543,218073,207612,230821,265395,274287,207080,224825,257113,253347,214937,203242,263643,202484,209826,252323,228363,252971,270385,219131,247325,248139,252559,203154,236159,243335,264583,271739,274475,260295,261965,274419,40,251759,222261,73,242407,215267,49,253179,274155,266499,253437,201206,203170,265801,262949,264607,255195,78,202012,266929,249087,249403,54,249231,243579,268361,260573,213265,254911,269673,146,268997,272443,242409,235937,240807,238689,226257,268817,200356,271807,204170,200866,270617,247735,263971,205730,232861,260789,246349,117,225395,219155,249379,265575,206628,270369,205736,244273
wordpress:246659,250667,233479,264033,29,274117,238745,261207,233089,258705,229815,239653,251257,202246,259117,206488,252531,236337,251315,251189
bing:226081
sysan4dummies:255941,253679,272401,259755,231961,261433,256115,246991,221249,247457,226651,270365,261689,257241,249369,271863,246135,256107,254037,274497,256975,235725,256021,275865,242313,247225,246017,15,241347,240047,219439,75,209758,252549,244491,263053,227025,256331,204686,244319,270953,156,227753,209506,245241,259291,266901,261267,250487,259315,204958,251089,201888,201652,271205,25,250135,267749,265869
helpdesk:259339,245155,262627,215943,265537,233635,246203
db_admins:230053,270179,237889,267487,217073,209698,248511,270699,261921,93,263541,264927,221221,217897,206278,247949,219053,263225,270577,48,262925,274383,260125,259531,254461,222397,217813,258005
data_recovery:237137,208104,205204,270179,215655,213919,206582,251941,251451,270799,254011,202204
td:102,032,062,078,978,046,074,114,004,016,058,092,090,106,080,014,084,076,086,088
hackathons:265721,243599,263957,271697,35,242333,268839,262967,273831,253477,91,262067,262253,243275
enturecap:208,202
wp_dev:206852,200086,85,267789,260691,264199,242311,248787,268695,221077,201240,200668,262747,225061,217407,243237,203324,272613,236745,226777,210666,43,233319,252759,2,272875,207690,222739,274797,257209
lib:261491,272573,272127,148,274173,100,271849,103,265149,262837,248063,267959,216257,76,266577,273719,263227,252417,267541,266377
health:269758,228515
ios:239101,239497
crowdsourcing:205566,208146,221013,239035,221899
iot_dev:254247
ebooks:200318,213721,207330,204018,201380,209382,235765,206426,237345
backup:242213,250027,215591,30,266597,265043,240727,256515,237175,236977,211917,237887,267881,275449,260955,221537,261355,261881,249511,212559,210272,239515
apache:259339,263545,266021,225667,264395,264397,253151,226875,266497,266473,247897,261767,240767
quantum:235561
nosql:275281,260291,207082,265747,213815,231213,109,248511,241369,93,228327,252067,265399,261137,217617,246997,244219,204026,252129,241321,243451,263643,274383,242541,222083,271205,234233
flash_platform:274157,249717,79,246265,217463,256889,111,239299,249573,249045,274495,15
java:220389,215343,208306,243853,208414,225641,220341,222997,218205,269591,204518,253867,262069,269659,212341,250853,268991,269371,252067,238567,200354,257363,262943,265061,246355,249305,211937,269021,270943,247015,274997,215355,270459,234841,238487,105,260801,246179,271385,203960,269129,125,258413,264117,262139,236721,269705,253855,235957,208264,71,220015,272105,207924,258785,239765,246575,226839,270771,33,255773,213319,255651,244423,154,219595,220327,244713,248227,229199,269555,230239,244571,221243,254205,248659,215147,221269,222875,242009,265741,220713,255533,246383,275795,270933,257223,268903,205118,241349,223745,265919,269237,229375,270173,245449,216725,255829,228079,225647,255659,227639,246675,217507,211188,207716,241858,240769,257383,268747,245765,209758,243411,265725,269417,271541,265815,202016,252265,241798,274413,265597,275225,207144,251751,248865,259005,238603,220387,215203,225397,250583,254585,210584,209470,260417,248041,226791,238359,239355,263033,234425,201612,116,216049,270309,244211,16,265961,272161,215363,274493,253321,268923,269707,239273,240121,246993,224593,271719,269023,218323,202182,7,252621,270679,201656,250603,268523,270583,234031,8,117,255535,230925,255537,204854,247897,275203,268683,256705,212901,255155,208268,244531,248479,250029,262971,255531,228953
net:269453,203650,221915,209820,46,268627,221169,238121,239903,239155,202810,259829,221077,269917,216451,251149,258723,254909,262299,252103,274491,220285,208822,243237,232783,270005,218225,264927,268151,235447,212551,243399,210666,254731,208608,262967,252419,254059,256687,210108,229235,209734,206918,253833,261927,254837,257283,208326,221989,231807,256629,263569,258577,219895,242939,209412,248597,270967,250379,238445,201460,260741,268605,119,231929,220343,243353,267933,269553,255463,261265,207578,214639,270473,231989,233747,241037,262023,257667,205114,244571,223685,255983,40,265393,271249,48,261355,218467,220921,264689,274283,270413,233083,240427,274477,222435,270155,237743,260993,269307,218059,206852,243483,270415,221975,249361,267425,251479,241349,257221,21,271105,245449,202674,242937,267399,82,227545,215769,209572,253555,257751,248197,266609,208662,267505,219947,245487,272571,235869,264113,242683,203346,253857,204308,202776,204150,239025,202018,233207,263705,206480,54,248797,250009,226279,266299,207088,274413,211899,237645,264521,213397,215203,246443,268131,248303,214293,234413,264961,205098,203500,236037,254289,231585,271973,223887,16,260867,226695,275053,201240,202282,200100,222753,227637,224827,231275,253875,263935,261603,221999,262279,245837,268155,215321,265081,257247,225663,236745,270583,243065,227129,218937,117,269685,242069,208792,251945,215369,255759,248775,224865,247201,255695,238333,269285,275333,246441,205096,215249,261649,207754,273509,147,214635,243007
game_testing:55,267761,268973,275727
space:221013,220899,205872,218015,211046,215901,211835,231399,204158,237563,231677,240129,228803,217465,233413,226503,222717,229197,226655,226219,230465,212517,222283,212735,203460,236595,209586,240103,210586,224597,216973,235979,222871,238357,209434,220281,239685,210254,226049,221931,237763,202070,221833,224949,232921,224023,227043,223535,213545,217475,232909,218369,234313,225569,214335,236229,216025,230445,203296,208712,228555,206926,234351,230587,203734,211703,235343,230825,215959,234399,209774,211891,227045,203634,227083,225549,224433,228745,222243,210258,218055,231251,203984,229625,239755,227387,235195,225819,210016,225609,229077,238125,231481,236109,215909,239815,226411,213811,204326,236761,216445,209242,202634,208826,232093,206624,228349,217503,206158,234431,207658,217775,222699,210212,225895,210018,230409,203940,229445
ror:269477,207394,261475,253431,246011,261439,219365,250007,235191,253703,217339,211348,258027,274209,269721,208794,214091,266353,214173,219175,252955,264589,213269,256471,149,271243,270953,238667,251909,254463,265391,260621,238163,251823,231141,229031,265599
aws:266307,264685,44,205590,219073,262043,256515,206816,228495,246697,263875,202280,235609,274615
xml:266021,274131,56,212881,254805,239859,270473,266497,220173
refactoring:261433,258629,241301,215161,263333,259829,261689,269475,262681,216725,244517,239431,229413,212065,232881,233747,270005,218325,218485,264113,250667,258725,269883,234031,200338,226639,246877,262967,248385,233221,248027,206684,244497,211871,245441,246959,251089,254837,244573,224929
habr:215791,92,233983,248599,223601,207944,273387,206874,201158,241850,207946,237155,256203,203366,263227,201142
geo:255309,4,260995,132,244203,219807,200642,276119,268647,223009,212673,203446,204228,274641,243049,272349,209332,205798,246077,249901,268643,211701,266453,232761,151,213145,222875,261175,250813,235283,251755,239251,218349,206236,214979
xslt:266021,268825,239859,244421,266497,219907
ecommerce:250086,239931
dwh:268995,250371,265763,235465,248511,245993,240727,252455,258007,247631,263893,206278,247949,244491,263629,237993,244773,245859,256181,251941,258845,48,235593,271501,241247,263199,243045,258881,251123,250135
joomla:262941,271225,238745
jquery:239149,268973,264719,249367,237569,211538,237501,253875,235191,240083,238065,201600,257415,208236,273751,265009,235035,250663,272125,207338,245155,202858,230449,210270,231611,218265,259311,203694,264861,259457,257025,239275,235931,262727,211590,124,247077,200710
games:218055,209320,205838,212735,205452,217503,240103,225549,211723
habrahabr_api:249375,223555,208308,218681,207282,204706
closet:200512,211040,201110,225041,215165,200920
bitrix:48,244885,262533,216219,257795,224519,207086,263011,270087,266573,255899,246429,273129,36,234071,268035
r:245641,220927,249375,128,255173,207750,253419,264375,275113,236769,262005,243211,258789,273563,138,219229,256689,220135
oop:206802,268627,229879,231021,265723,216725,207982,274289,230619,241369,213971,154,247325,235725,218405,259841,53,258725,270943,248027,245589,259627,211899,244497,245441,251089,265809,256889,242649,247997,236723,270849,275795
usability:227809,223065,267409,206622,218421,259723,200076,207358,223165,263443,263265,222415,203308,270891,242429,203264,219731,211767,235597,265109,236105,245025,214253,239373,204936,235745,243597,247693,267331,263897,218201,252975,220949,249309,273711,256315,260829,219699,255099,233183,264521,245871,243863,227631,248135,214793,268253,232847,76,205450,242833,240807,248961
photo:204158,220011,205872,220435,206624,239767,216377,217775
gps:221059,255921,248007,233809,230179,220597,249901,223009,241109,207614,241367,239251,211128
vs:242231,221483,254289,203170,211853,227545,236355,224827,221999,238741,262023,264513,243085,207554,203154,235447,212551,238627,248025,239025,244217,259475,237585,201670,235743,216029,241463,252647,207690,270155,272407,25,243007,251795
nano:201512,236181,202650,231211,202836
windows:205592,232581,213223,202406,225445,202268,210580,225621,214953,221201,217913,233521,229877,220305,252802
mobile_testing:253867,261175,259359,103,275171,269389,242931,254209,269491,269471,247541
smalltalk:53,274289,207982
smallbasic:249947
mobile_dev:276363,215407,243853,250703,217463,255893,276381,230427,267487,255717,263561,223431,257229,251623,263079,230525,217407,268991,243331,243237,258909,200354,256393,255775,237931,2,239433,274797,217653,271737,207334,257603,241289,250607,261425,229649,261353,253697,252629,220343,258627,268179,263509,213027,207238,69,204364,275097,236707,250727,250423,234439,261623,209410,206086,232257,218381,213039,257661,231351,240045,252759,48,244821,130,244087,202910,205046,271695,266839,227109,200086,265083,218539,260437,237139,249765,238429,265727,255489,260117,272873,266435,269919,219533,226251,221797,260787,214777,75,225567,266297,247437,243411,253099,265269,246877,54,271541,265815,246819,35,232703,266301,270411,255941,235917,260691,276135,241303,220031,212799,262901,239217,214637,270479,224517,269391,202630,231143,246935,276119,254899,250765,209650,239919,7,269491,251997,236745,227823,215329,243865,84,242669,225423,252367,265163,270361,151,269471,224865,207140,225665,263649,264399,266471,243007,267783
windows_mobile:226005,215619,234573,216377,204722,230307
skype:246355,261725,275695,242683,206742,242043,231945,226693,236415,227805,267315,263099,242005,214231,235007,224375,231337,24
hosting:203292,228239,204490,204572,205458,262397,220773,227041,200356,237565,258229,233425,204304,234213,200986,231615,240555,224489,248065,267767,249571,206488,240767,246223,248009,202904,228157,208846,228495,226879,205152,261415,215047
cpu:214377,223571,264412,225853,227587,235561
codeigniter:205492,266339,231847,137,276375
wiki:200578,235829,265811,244087
itstandarts:262535,226437,256537,256115,212657,238977,253381,257241,222479,255673,250393,269267,217651,256021,250663,221427,268623,248007,261627,263053,243597,230529,222417,235407,259315,240041,224333,201888,267121,222455
canvas:227103,274155,207920,214373,255485,268975,248783,203462,243457,268199,202014,210622,78,258415,248923
ass_media:3606,2366,3602,3594,3596
video_tech:210620,203612,232111,215767,233261,222283
adobe:203110,239761
erlang:233637,269477,273979,219967,218855,260961,123,251927,211815,265399,271807
sci-fi:237911
internet_of_things:227565,255140,234403,220791,255134,255142,238757
pay_system:239279,261491,220819,272573,263077,209116,274173,103,263975,265149,253281,215229,209452,200390,216315,266779,226175,202598,253623,266377,241658,254037,148,202424,240743,212369,202752,150,214829,17,258085,204792,227021,214795,254227,217337,227823,272127,209778,207120,201630,220447,245791,274679,267959,275133,273719,266577,244107,213201,216687,239181,229527,216769,216231,237765,265933,204386,216123,213763,204856,259419,76,267121,252877,267541,203670
DIY:255352,258884,258502,258354,258632,258428,258534,258348,255284,258230,255300,255436,258370,258362,258360,258570,258882,258670,258840,255502,258292,258642,258434,258614,258496,255348,258350,253404,255596,255814,258444,258638,258482,258264,258538,258672,258856,255498,258316,255518,258854,258830,258588,258706,258716,258548,258590,255342,258308,258762,258272,255456,255590,258836,255310,255378,255334,255532,255510,258324,255398,258456,258802,258514,258606,258408,255394,258438,255524,258464,255296,255370,258494,258236,255478,258468,258436,255470,258232,258846,258874,255428,258416,258800,255494,255446,258568,255396,255546,255484,255492,258414,258818,255472,255578,258804,258382,255400,255448,258692,255462,258552,255426,255572,258222,258420,255324,258596,258418,258226,258246,258806,258228,258524,258288,255328,258470,258794,255580,255438,258522,258574,255598,258248,255142,258876,255584,255464,258580,255522,258788,255410,258280,255140,258286,258478,255308,258598,255526,258756,258366,258448,258516,258572,258702,255520,258708,258508,255536,258688,258424,258500,258834,258754,258742,258252,255618,258368,258704,255134,258738,258484,255562,264412,258260,258732,258744,255148,258268,255368,258748,255330,258624,255548,258346,258352,258492,258452
t_monetization:224
powershell:242641,242425,245875,267189,116,267507,272107,254999,238469,248217,255197,252979,252957,264697
django:219285,225999,266161,274431,226419,213701,272811,213875,230507,240463,268385,90,216689,200128,235977,207968,110,237701
spam:253705,244779,226561,223149,237745,265515,228499,261763,250587,270159,229401,213891
cellular:205810
sap:239495
loset:2088
cpp:247207,216181,238879,261285,248787,226779,223865,208186,222227,247017,112,246971,271011,232097,237503,252101,274159,207294,206156,12,273141,266163,270009,215289,213549,212779,267855,244963,219139,259295,215905,133,274137,218389,268115,216449,258667,258621,221033,271125,252419,251081,227849,248909,220111,205568,219133,240537,248517,261201,270545,244881,226439,252647,273743,25,270083,252189,216845,242231,216783,240805,261425,212089,266351,211853,248137,202466,250341,79,269383,213785,218229,274417,210894,227791,209754,256351,262977,245221,248901,209824,203968,267509,252759,208726,230829,55,205046,216189,252885,222007,50,221483,208718,229993,242311,254077,208788,236355,266373,210838,225003,232153,275409,266985,63,256207,214379,248001,234215,42,238237,200730,234237,201534,254795,263897,236035,204234,272619,200924,244497,243571,250825,230079,265809,244573,217779,229327,213015,265491,271203,218341,227827,228181,260193,273109,207734,231657,240519,116,248257,250979,231021,275801,215181,201388,266809,229963,258707,259015,213225,250815,228367,228365,80,219899,239751,268523,238627,271549,8,214275,237323,245043,265575,238753,267605,223143,204682,253645,247799,225507,272407,233829,272423,231923
design:214821,223481,200684,223937,233493,222475,217785,229857,213527,219011,227501,228631,217015,231377,223477,216213,231449,227347
delphi:216355,220117,241301,229833,205380,206392,275409,205954,80,244945,238629,206754,248381,238783,209902,242355,205974,248027,202242,245441,255057,246895,217333,260339
statistics:212683,231443,224717,227617
algorithms:233419,212739,226779,233129,67,272659,269107,250911,205890,110,221055,203508,254719,231177,272679,251101,267855,227003,251085,15,229779,202908,262943,247053,246657,243399,223149,250625,259295,215905,255775,51,230943,59,268115,246483,249899,234073,212235,230393,226859,225661,209826,58,263569,236689,228203,216845,270845,234895,201972,250715,274865,230357,240805,234609,254109,204600,239661,219305,251419,250855,276195,274499,201952,259317,276193,271889,248061,226171,228575,225831,256351,245221,270935,263993,248493,267461,246951,245377,267509,227867,227687,224069,258841,202486,240783,271205,200074,273525,267401,103,215357,255329,241696,237629,265067,230185,246105,269237,270173,201406,267399,82,222287,245311,202264,260997,63,264987,211188,241858,208368,229465,255285,271207,201534,236035,94,203156,252265,251751,260111,204234,200924,210432,257565,250725,224003,224965,35,210812,251333,202402,263875,271563,266457,233127,200252,274805,204324,273109,207734,208666,240519,88,121,271771,205892,251225,16,232061,269391,265961,248069,249929,274493,274175,208088,221361,275429,274497,275343,233187,250815,245837,262063,275331,272815,201656,251997,231017,26,266861,249027,257345,203362,246139,254753,258605,208496,258025,57,253159,267123,236209,255155,208240,32,204682,208268,261111,259017,207754,266471,224029,70
nmt:200886,206912,218099,235849,232111
client_side_optimization:226911,269419,269321,262239,250239
gadgets:215947,215767,231025,217637,222691,200886,231447,233781,224485,229645,225195,255814,237721,221621,226219,201878,211432,224947,218667,218897,221987,227501,212231,230033,230331,212947,214935,229299,229961,217093,239035,221895,225391,225335,227009,236321,220791,224023,234059,224167,235577,227963,225855,233333,209382,209656,225621,223869,236121,223867,229877,236829,203908,239319,259450,223453,201380,207596,208844,219011,211492,223147,228345,228599,235153,220435,205092,236311,206020,232151,221575,200318,226691,207330,217913,236599,216321,227565,209630,238747,223123,212599,235951,213197,210358,226217,211831,227737,203842,228323,237111,231449,233161
service_desk:259339,262627
industrial_control_system:268151,263033,231145,274497,217401,256081,253645,256911,15,262531
kohanaphp:248213,216187
cryptocurrency:202654,214213,209336,214931,204976,204916,207710,214211,204418,212087
saas:272443,234409,263875,249021,73
scala:125,262603,270233,274997,253855,209578,200338,264397,259841,214913,262971,229035,264193,227731
mailru:209320,207372
virtualization:264249,236103,242213,204572,267527,275611,243413,272145,231849,205458,240277,64,203980,265065,211124,238509,237137,218461,275441,237565,211915,265935,215367,244883,262395,258229,252645,253307,226231,233425,236573,235133,257549,247903,262131,223277,247631,228107,254011,212009,229819,235785,271223,263269,157,210668,29,10,240555,251435,241541,251163,263091,267853,247969,249491,200942,258845,241021,265557,242741,274451,250705,262049,238831,213935,246073,246975,253481,237191,247547,253877
raspberrypi:255062,255078,255100,255060
csharp:269453,221915,209820,46,268627,221077,239219,238395,252101,254909,274491,223295,208822,266163,203190,264513,243237,226777,256393,243851,210666,263899,208608,262967,252419,256687,253839,210108,209734,206918,261927,254837,257283,208326,257957,275091,220177,263569,258577,209412,250715,264199,238445,260741,119,229435,243353,249555,269553,33,255463,261265,207578,245489,270473,262023,218405,241037,243085,257667,235729,244571,237585,34,40,265393,212069,55,220921,248273,270413,274477,270155,269307,218059,243483,267425,202652,271693,257221,271105,272637,267399,266373,212309,275223,253555,257751,269389,266609,208662,229851,232781,267505,245487,272571,235869,264113,242683,233207,263705,206480,248797,263897,250009,248847,207088,226279,256475,211899,261967,235743,268663,264521,238425,248303,214293,241463,204324,254289,200884,249321,231585,214955,223887,268695,16,260867,275053,201240,224517,202282,200100,231275,253875,263935,261603,234257,262279,244465,245837,241656,249681,215321,257247,225663,236745,215329,243065,232729,249027,269685,259475,242069,208792,224865,215369,248775,254165,247201,255695,238333,269285,215249,261649,207754,273509,147,267789
sphinx:208236,230073,246679,222203
google_api:244779,263995,230665,264093,270809,250957,261207,227361,251943,240533,230377,240447,227509,264985,267783
d:259727,261349,226565,253923,261201,274619,243595,45,225507,258667,231581,260151,218429
forth:209730,235483,265047,226235,211709,229587
easyelectronics:258370,258416,254172,254156,254176,254512,254166,254130,255116,254148,255422,254128,254164,254120
biotech:200492,205240,238749,219717,214797,221813,220095,219325,233507,215023,214525,226217,214317,210076,222547,240087,201220,232295,231925,203714
multicopters:219799,215767,227043,229877,218897,201140,229961,228009
webgl:263453,264115,231987,236973,262749,259437,272427,268919,255447,268937,260391,49,225199,264457,258415
zadachki:274473,246979,250817,250027,269107,256513,41,218999,215445,264987,225293,250585,271889,78,256023,244753,274151,237099,254121,249899,264117,224515,263957,250587,266457,250135,70
playstation:202442
python:264609,234785,227543,67,216969,223041,254425,267295,110,205134,251531,250831,272679,225603,247987,224841,254167,240787,220301,126,260723,218249,201386,214259,218423,244017,274431,212235,221937,270417,263399,257757,271827,236689,217891,238813,213875,233181,217631,230607,268385,250469,243961,251439,251419,210238,226589,203344,252955,248061,214191,205626,236221,262929,205360,268993,215083,242541,267097,231869,273525,264717,267903,103,260291,249129,208066,241696,208802,245917,261263,211490,200718,241229,208866,207988,232401,257817,263913,122,255285,203692,269411,267095,274171,237977,94,90,260431,251751,269245,256889,241103,271563,210450,242217,224163,206420,266317,266025,241029,251225,246699,250027,211705,204700,264663,215225,265747,269163,248559,265309,257903,274195,220097,231255,216001,206024,224065,240447,261473,259727,272811,262021,240463,204706,269019,253303,208240,32,207822,222411,242085,250429,266473,250975,251415
eb_monetization:5068,212,5116
wearable_electronics:223867,234403,224947,233333,223061,228323,227963,229645,238757,221609,235951
esearch:614,628,578,586,594,580,606,624,676,618,634,600,686,608,602
tizen_dev:205046,229069,220537
Asterisk:274155,202404,252733,88,259165,223531,225007,207820,239419,254835,254733,213669,264981,230927,267353,207080,78,261391,243213,213071,243251,253387,214093,266807,200416,225837,270153,238819,206876,242109,228839,240165,218227,247981,214235,262675
javascript:253323,237933,245991,216451,217515,264869,230821,246097,236785,235035,235447,241465,261847,260319,247893,247731,252983,253347,115,272109,257191,211590,237959,228363,268973,263489,204176,252941,261353,225405,258415,235603,205894,276159,230215,267895,107,219131,212889,246837,215635,247073,236455,274139,218485,243335,266337,264019,204598,216239,243273,269931,269303,215267,251939,240533,231637,266499,224143,275227,254103,244203,265801,262949,255195,236223,267501,257415,217507,210058,249751,274637,249231,202758,203156,234279,252975,225199,243579,257025,213265,240539,244681,214293,254585,235937,202750,262681,249929,204170,275343,214319,250581,251111,260789,252783,225995,264423,117,223459,232219,247719,216577,219425,222399,219155,208346,204574,260829,254713,262687,212689,249367,272129,254587,269207,222065,218207,259375,215043,239259,230405,211937,210270,218265,270459,257113,2,214373,218813,252981,213565,202484,220015,253479,274797,232023,248599,220179,33,201600,201468,236683,252559,247727,228325,272125,251835,242643,273445,213481,259311,264583,227753,229495,223027,227731,251759,222261,211020,246959,242609,242407,49,202874,257349,264717,205878,248799,260437,201098,275615,269419,248783,250393,249087,255327,208164,257133,212883,262727,146,201428,260571,239353,227103,268915,265937,88,243311,236787,201658,41,205364,253875,264127,267549,256339,216155,226063,216839,274415,238755,216375,259457,249379,224967,256117,206628,275333,234417,252349,233527,268975,228341,217401,261669,218465,220775,217501,215611,233827,248511,218481,207612,237501,237495,250589,251477,210330,207080,224825,241776,244545,243399,244219,230449,250021,259353,218389,200664,263643,243351,233805,124,252323,262853,229225,240301,208644,239065,272389,218463,259073,255865,255653,265811,230927,233651,215185,261903,203462,231239,264175,261965,274419,250481,244209,274385,249969,261723,233189,243963,268031,82,264115,264607,214013,215673,252849,239859,250825,260573,259625,254911,210454,269673,238689,272675,226257,266317,248715,4,225669,116,267873,228819,269163,240861,263443,200356,211002,263971,212347,243397,274471,230753,245791,84,6,239275,213393,227969,260961,210622,205736,266773,216149,239149,219037,252733,207778,255717,67,243277,207232,213937,221857,235545,247543,242835,203444,240083,241023,15,265847,262749,218385,243457,267955,218197,214937,203072,259539,221989,222247,229853,247739,266683,226759,229607,225065,207920,200472,247325,268199,227069,248139,236159,202858,250957,209696,271739,274475,227861,264861,40,232305,242623,200058,202014,235741,254229,238007,236973,256027,264681,253437,258061,271545,224081,226671,254031,211538,266145,265497,56,261205,268937,266355,228893,225833,92,257005,260173,234409,256979,202852,216469,239165,231987,262327,240219,231071,201146,207698,261785,266301,266479,240807,221811,254583,121,205892,262239,272871,249279,211124,239045,255485,238519,229629,247735,210680,273751,232861,244715,273327,204628,68,250239,245049,211236,245767,200106,265575,249949,253913,207730,257813,203864,217753,202756,247077,243271,220631,269259,244273
erp:218031,212799,217489,215655,244947,252473,220079,223575,256959,234687,248677,273569,263267,270087,139,236915,211006,48,201280,212349,269727,267749
eclipse:244713,218323,240769
fpga:274847,274843,252261,55,66,274137,273851,252247,260999,238821,274845,77,274841
r_management:236,2858,114
desktop_environment:271841,100,202852,259495
html5:204684,249367,268975,272129,243821,217501,251797,239259,250193,231611,247893,247731,250021,259353,218197,255099,250001,235931,259539,253479,233805,214775,262833,262533,263489,218199,215795,261353,252181,220715,219591,202408,238607,214917,247727,242643,274475,40,207572,235741,238485,203076,254103,264681,258061,271545,250005,265801,265497,230401,250393,265709,265009,210058,212767,203440,203942,203694,254203,234279,250825,240539,244681,254585,227103,264719,237569,248715,225669,88,230751,267975,240861,259783,250581,267549,270617,219899,210680,214407,256109,212347,237991,218223,247719,216375,242297,6,244207,256117,238449,240065,233527,231845
data_mining:265721,258399,249375,238359,207750,266025,242237,249215,251225,252985,227293,260493,243211,224127,271975,226651,270573,260747,248069,270675,221853,244579,266307,273387,248793,232463,216815,200718,247321,232039,240067,243339,236769,241527,237583,249089,228187,273831,231395,216467,253115,202908,92,268175,248719,253419,264375,253285,252549,244753,228895,258789,268839,205360,242687,237767,91,251829,225589,245795,218343,202486,246383,262005,263399,127,264139,243967,273563,138,245195,246405
iconoskaz:245583,216163,213563,241117,259723,252387
nternetmarketing:5528
Peripheral:231273,228599,212947,233781,209656,226345
infosecurity:256147,225581,274173,210684,200378,240765,263073,30,227041,65,224317,254145,259781,257413,230039,264513,214685,234331,235197,248917,272127,214915,213025,246695,224335,275999,247309,250851,226567,267645,265515,207922,253617,241325,273523,226993,263429,226793,234277,222773,254109,233331,259399,266377,232705,233411,241854,222541,225425,218685,243845,250999,227805,238185,229433,228539,245635,211232,261355,265227,268135,229415,238831,270631,200412,268137,253153,246615,261491,260413,230923,267507,254201,238685,238977,253623,216931,243009,272461,256835,235609,226431,228103,217079,238021,213973,275075,268495,252263,270571,250725,230965,200276,201384,247737,200272,239213,206724,211042,235287,261763,215225,257951,240763,270587,20,211064,269729,256975,221221,236283,249757,231253,230339,221871,266591,230921,262687,269213,256579,200270,250587,252877,229601,275695,270015,215229,238745,261041,217331,212653,270799,275137,234663,261787,212029,241345,244705,211749,231019,250023,262837,267331,274679,202796,244779,249513,233363,206468,205152,76,200888,272573,210416,260995,252507,257877,202468,273489,270475,215233,233503,266689,233457,216153,254227,261289,259821,257605,207756,203776,256573,220449,244107,257137,276153,212329,228971,222045,237787,250931,270657,220539,238565,201114,202426,238463,227587,225083,230469,202770,223313,219091,224803,257133,247527,267953,220113,242799,275289,239009,228219,272385,230771,210014,216575,255673,202614,237565,268113,245461,223649,204688,246175,226679,249681,53,261781,32,206566,228305,251823,213205,259419,251451,255531,202914,218957,274453,219513,228341,219073,240291,251569,223539,208086,236727,276131,267959,256451,217017,235703,207378,224063,243419,226859,224821,209414,240721,215921,224351,262535,257287,263975,231849,215143,227163,260393,259073,244143,44,274387,221423,257027,243023,252475,207006,200922,252869,255519,252529,264849,257439,24,213525,218467,276269,255533,99,253137,220367,239411,221079,216295,249761,231165,207774,241547,235841,207758,5,244869,234359,261085,259137,232549,274457,227689,247093,213397,239507,275443,232157,267121,241503,217199,228727,245159,203294,240513,260747,265309,254899,208152,233315,219381,234391,200986,228069,244753,208384,247927,255535,201486,273719,206488,205594,235449,236577,261881,267563,266419,221229,240865,236169,217915,252821,212757,211645,274117,129,264503,64,205548,221857,268815,268173,230961,245467,274617,202792,241716,257135,219691,17,219623,261945,214295,231337,260535,247265,261885,243915,51,211060,252303,218609,208604,232159,202488,211278,274869,232723,201768,213483,258595,249537,238009,240939,248575,258065,267541,200274,207334,87,257207,213101,210410,237347,200370,226089,265513,230679,236287,213783,149,260159,225147,266577,258285,231795,254403,40,228833,266709,229013,240803,262413,223661,247179,254777,264017,213209,265149,103,233105,249765,263503,148,228063,268177,253045,214795,230037,238219,92,259253,268623,29,231015,94,108,256475,232545,239165,233357,253119,255899,264249,232271,209178,229717,230467,207984,254583,259199,216977,205950,256373,218661,237673,200256,214829,213895,270679,200686,220287,246447,254141,255537,203172,220949,252491,236209,202878,238235,269531,267447,252779,243511,269259,247541
programming:269477,237933,250371,246133,269107,261351,251149,30,257111,65,110,252413,225145,241369,208506,251531,220285,274619,264513,236785,269756,241465,260319,247419,254759,254731,59,275999,275133,258667,246483,259291,207478,153,260223,256629,237959,218603,252941,232507,206198,229435,226839,274289,251419,215283,220327,208794,258083,237179,236455,235729,218685,209386,256351,248493,221243,243273,203158,207374,210298,248043,269931,215083,269303,242009,244821,273777,260451,244575,242541,243595,240327,268609,270155,207594,240533,275795,257223,253179,273671,50,266499,229993,258069,257221,229375,269475,267785,245449,250879,213391,262949,211490,203964,202870,243519,63,205954,220131,214379,207716,210334,238237,200730,247385,225527,260151,243579,275225,248565,201280,206958,274179,212323,245617,113,226791,232865,263033,250065,240519,201612,237641,235281,235279,243857,250027,231021,266903,215181,229963,248559,275151,206978,244465,262731,272815,241650,218057,255173,272811,257345,262021,263099,258605,273961,208346,255759,266591,247201,267605,246055,224027,206064,262971,252715,266471,213567,270901,207394,206434,272659,223041,222227,235701,230421,269785,253867,232097,259299,205134,262299,250831,227711,269281,220437,238567,270005,219139,265061,264941,203770,206066,268115,209506,211815,248949,254831,227849,204494,262139,249899,248923,217055,2,273979,270417,251089,247997,208326,260227,226773,270845,206704,207750,204298,220051,268605,269760,270081,231929,252417,239661,269885,205564,243315,248137,33,250341,79,220075,114,276195,259317,214079,271889,204364,256477,219175,248557,252559,230239,263951,213481,273127,123,227753,268935,246951,245377,206682,259627,252759,265741,250763,55,246959,242609,272363,204124,207652,260999,231787,260865,274803,264717,220927,241696,208788,236355,201114,250769,214291,211763,258027,218325,231801,219947,264113,229403,262457,255285,211498,145,244217,265725,248797,265597,102,239375,213709,227633,244537,205098,272443,218341,266457,214779,248963,88,243311,270309,211709,16,249369,236787,275727,274493,231275,224593,268113,271719,260013,212887,53,239067,275823,271841,227425,249027,274415,204144,206684,244885,252261,32,269285,208268,218345,275467,250975,247263,259755,207126,206802,230505,209820,230777,214425,252101,237495,274159,274491,215289,213549,235825,242999,259865,251085,228493,241776,268151,244545,220079,269021,258725,206152,215355,257953,268705,218389,237621,258621,269129,253701,100,253855,208264,257957,230615,209412,257913,243183,208644,242359,240805,250489,212089,247221,218463,219229,201136,220897,207982,249983,239431,274387,269383,215799,275445,214639,270457,210234,257667,261629,218229,253439,205324,236221,270233,263993,205386,258767,205994,264175,237585,267509,262235,221269,265393,262295,73,250481,226565,209112,248943,274385,259337,205118,226441,237133,255095,244517,210838,221837,243355,5,253811,266985,201610,150,248841,248001,254581,272571,212943,209758,236451,237609,257021,274171,230359,252265,251751,243571,271339,247175,274455,202460,210454,275829,3,217779,213015,238689,254803,206420,273109,231657,248257,237199,253923,116,242993,260197,250979,257875,253653,223887,275801,202948,230619,265309,266969,261603,269579,232881,250025,228365,263971,265081,259727,274791,243865,266861,212237,84,251909,253303,212901,238427,255155,212027,238819,248775,237509,239405,205096,260961,224929,147,263019,242087,260373,268627,212739,220077,237889,263333,67,243277,269591,203368,233245,264985,246971,203508,262069,248785,245615,205222,243233,272679,273955,255715,203190,252067,259841,267855,244963,212779,45,219209,207310,262943,215287,247015,133,269387,51,207188,105,248909,261349,260315,205568,232787,213263,275791,270545,252509,242647,71,220177,72,259993,253917,222247,220717,274865,217285,253325,267811,259991,253133,252771,211853,219365,225065,274799,214581,255773,244423,250855,245489,154,244945,248061,205114,261801,266719,268497,205320,248659,248901,209824,269061,268905,254121,222857,271501,244087,242623,224069,217205,230801,230425,263959,222007,270415,264863,270325,241694,251479,103,213985,224081,263977,263871,267399,203322,237307,38,275409,27,243005,233501,267353,264585,92,247521,267887,276173,254999,242355,249403,246877,251793,207088,240219,231071,229327,235089,271563,261785,210450,228181,207390,232217,208666,254289,271849,216049,252143,272161,242425,219419,240121,268923,243593,230671,253047,257903,216001,235725,256787,202182,250815,217057,80,254895,250713,215653,259497,268297,246139,269685,245767,254753,225547,204854,202242,269821,264043,228301,200084,271201,230637,272421,254465,220631,70
LabVIEW:234895,260723
devmail:249947,268383,265753
usiness-laws:546,552,540,534,526
azure:221975,220891,255447,271975,260135,254037,200376,271697,200510,256917,217897,219635,242049,243847,262967,254059,203242,242403,35,212537,127,234233,257209
svg:245583,222433,255485,230941,250441,226213,246895,207108,225395,264191,259723,230443,244203,226025,239259
nix:261115,220891,205548,268697,140,218073,243651,254243,256515,246177,201618,262111,216101,228977,228959,259535,220301,242351,263091,218563,260801,233085,220895,266375,268091,242647,209676,270969,224393,229969,243613,234353,242219,267339,254123,234839,257197,240443,259399,266597,219795,228233,222285,218013,274387,233503,252501,274633,252955,247727,260727,227805,257663,207756,249909,200330,212885,245871,265741,243889,241309,264353,215401,241654,268529,270415,209584,258227,253421,248005,248651,255349,236205,209572,255735,202870,268345,238503,250707,217655,252415,218367,92,244703,218533,234237,245857,267095,251923,275075,250825,225667,274037,259495,210786,242217,252301,214779,270421,215449,204572,268349,249515,269533,217819,265065,203502,20,248383,245651,246679,265537,257247,68,253049,240823,240169,221871,258605,265755,252201,216769,241247,244759,261861,242879,218195,261591,250767,261005
commerce:5528
webdev:214371,249731,269477,254425,245991,217515,65,245401,242429,256047,246097,202204,207650,245155,268363,247893,247731,242049,215427,203360,247419,219301,229235,201172,220091,235931,257191,211590,265515,240255,269709,228363,268973,263429,251255,270385,217631,204176,252941,261353,229099,225405,259165,220715,258415,243961,230215,246837,212889,268919,216689,236455,245025,203840,243335,267181,211436,263453,262929,247733,213039,262453,260803,231097,269931,269303,233183,222737,273777,264689,242541,202904,215267,222005,257223,253179,266499,275227,260291,210656,206484,254103,207358,240277,275619,262949,230401,236351,228831,255195,220131,270321,268383,212009,271979,249751,259437,202758,260391,234279,268503,257025,244681,268381,261415,237569,243857,244211,259783,249735,256627,222753,214319,225523,250581,270617,251111,211256,214407,256109,246349,268723,249757,252783,225995,245763,117,274437,225239,238667,207288,222399,263487,260829,254165,207576,230921,262687,203328,271329,268035,212689,216181,264395,250761,222065,220173,267839,262395,248213,274209,255139,240787,260133,230405,213269,218265,270459,201178,201386,255099,273979,214373,218813,206468,203178,270417,244779,213565,250001,252981,256123,240681,220015,211210,253479,232023,205560,119,213541,269239,220343,238665,33,258769,201600,269721,262119,201468,231605,259317,236683,252559,205456,244825,272125,239373,251835,257281,261783,261289,209754,259311,123,247965,246429,269075,251759,271249,259995,222261,269113,211020,261941,242407,247059,264297,231297,260865,252521,257349,229359,217911,206442,205878,250931,241710,250005,201098,243869,231519,250393,258027,210332,265709,253477,264351,261137,246893,221427,145,239025,255327,258139,249087,250009,265597,259701,209480,257133,201428,203610,261625,242799,239353,268915,244849,211705,264663,230751,236787,205364,265935,212065,253383,251535,251927,201096,224065,265109,274415,238755,270087,259457,249571,206956,249379,224967,256117,275333,257625,205710,221893,234417,266473,233527,231845,204684,224823,268975,261669,234785,217501,248511,214425,251797,237501,250589,239905,265395,251477,259865,224825,246203,209864,245583,230449,262603,250021,259353,205858,244421,271385,231847,201670,274431,243419,243351,214547,209826,272105,231807,233805,252323,275139,262533,202408,214639,214917,250663,260351,236221,203462,245911,258767,205994,232135,263551,264175,257439,261965,274419,263261,276137,275131,240217,237743,261335,229031,274385,253137,255287,210996,202652,259337,249021,226441,268031,82,238065,264115,264607,255735,150,212681,215673,252849,122,274457,236337,271339,236491,263393,259625,269673,257669,239507,203632,267121,254915,226257,266317,248715,116,243809,268817,233653,228819,237919,261179,240861,261689,212499,271807,235541,238741,205492,220097,211002,266353,263971,213313,212347,258885,243397,248719,226343,275617,230753,227129,245791,252851,250621,241730,239275,246441,227969,260961,233243,205130,249307,262941,216149,239149,207778,255717,262397,213937,268815,235545,242835,247543,203506,262069,203444,240083,235021,202638,201654,224841,248441,225603,218241,274631,15,265847,262749,218385,211060,209362,242545,218197,231295,200088,227631,232787,227309,271751,242647,224231,247547,248575,222247,229853,247739,202584,266683,267811,259991,206604,266997,246011,252181,250939,229607,261849,219365,225065,216107,255463,200376,249219,242067,268199,227069,248139,262137,233479,268497,212899,149,209696,227861,270953,232257,214913,264861,130,242623,204958,200058,210854,235741,264017,254229,264863,226911,267441,264681,253437,258061,21,226671,254031,211538,209842,261205,208866,254805,268937,266355,244317,92,257005,250667,260173,212767,264093,246573,90,274413,227799,239165,262327,233491,252531,207698,255899,205450,261785,259725,276135,227755,121,262239,250251,267975,274203,225081,248383,229629,264037,210680,205730,244715,244311,273327,215653,68,271225,265845,245049,218223,259497,242297,200106,264457,265575,261267,242995,247545,261861,207730,270579,271201,264035,273509,251415,267783
laravel:271979,223047,206442,242067,222453,244597,117,202638,222005,240809,213933,225627,267125,221815
creative_commons:235031,210890,232889
ms_access:244217
opendata:200888,274791,214403,255173,237649,264375,243851,242333,260995,262005,266453,3,258789,216701,268839,253815,235977,270675,208060
julia:210298
twitter_api:234997
youtube:214359,227083,208490
pdf:225647,202810,254585,208802,250027
facebook:211410,223753,229813,230905,238101
ipv6:217751,270611,254293,245657,210100,245047
eb_analytics:102,122,128,148,116,114,146,134,096,5166
asp:243483,221811,119,260867,253875,255463,261603,266609,232783,208236,204308,202776,202018,255983,250009,271249,254165,209734,206918,273509,264961,237743,243271
data_compression:264739,261625,266597,231177,261921
storages:232689,206020,236599,213767,225195
gtk:201460
terminator:246991,230945,247457,244319,221959,251373,245241,247225,246017,249983
network_standarts:241029,257227,238147,245671,262851,261431,229777,239047,239989,249737,235463,251373,214755,253021,228959,236287,249901,258661,221539,220553,200868,248969,213051,239641,234057,202912,218409,228101,210314,266709,238979,224933
demoscene:234051,230617,240101
qt_software:50,247207,217203,238813,261425,222877,112,215181,231143,206156,200718,243355,266985,213785,215289,214379,233809,203968,230359,236035,263549,218389,220947,267605,223143,248517,267275,217779,260999,247205,273743,261479,272423,252189
cloud_computing:235843,203442,265049,220891,270385,239903,231849,267441,255447,204644,262397,213815,261605,254037,200376,210106,258229,224961,266689,247903,257549,218871,200510,209450,259253,234213,205590,240555,262043,242049,246697,247969,254059,266169,73,246819,242403,216487,212537,228157,208846,263875,235427,216005,215765,266293,272443,207924,259147,261415,264249
cms:262941,251255,206484,229099,245289,266997,263011,21,267839,265811,248213,150,255139,251315,274631,244311,207650,246659,271979,68,202202,246349,234409,203360,246573,245763,117,240789,231097,263261,130,246635,271751,257625,229325,215541,276137,256123,251257,261335,275139,252521
yandex_api:230215,44,274647,4,252549,233243,274615,205456,245401,216985
Lua:217653,215235,237503,275281,220031,243213,241694,240537,243251,211576,81,271527,206086,240217,238395,109
shells:248881,241654,203966,254999,247249
modx:266865,267839,213523,246635,212345
brain:232295,214525,214317,214797
mobile:257349,205560,263429,227367,228875,265753,237499,261353,237919,224359,269419,219731,225191,208982,209794,265109,238625,249553,237991,252869,235745,238351,264849,205344,205594,215247,263649,269113,257133,255253,230921,235931,262687,239433,268769,235421,248575,271329
linux:261115,216853,250859,219513,242213,219073,214543,18,67,64,225879,230421,200982,239419,218073,259479,243651,208412,226693,232113,229335,216067,264843,204306,222799,221983,202610,223319,248917,216101,211749,220301,270497,233087,210668,257269,237727,242351,218563,224335,233085,220895,236353,226527,229643,224063,266375,216461,229069,205152,247547,229969,243613,235843,203504,267339,204604,267103,264025,234839,207732,257197,246011,201448,228233,214255,211915,261921,222285,265023,205158,217339,236977,211917,274633,240495,218993,224487,214095,252955,272577,217973,236359,222541,225425,274639,218997,257663,231653,216441,254403,227903,230403,222857,242043,209432,245871,243889,229293,218039,248009,235199,270631,212679,270635,208732,214235,230425,231967,231375,231175,207122,265599,246671,274677,212259,217583,260413,258227,267441,224987,219435,235355,202056,236205,236573,247903,221531,217655,236551,252415,268197,202012,226431,261391,244703,221913,264685,238021,230469,213973,251923,220073,218329,223313,245549,249293,202380,268331,246223,238621,259495,268131,229713,210786,242819,267851,209470,210856,214779,249515,235591,217819,270611,203502,203652,238509,221819,268729,266307,215367,205738,245651,231219,227983,226679,255539,240937,68,253049,208384,215167,261667,203488,205326,230461,252201,233351,216769,274451,261861,248881,203674,261591,247205,250767,147,237955,218647,202876,256769
smartphones:223481,221575,205662,206602,231025,233823,233521,239767,201422,216321,226005,233249,223571,212303,225047,201914,238975,203260,215089,202050,236829,213667,237721,223453,217785,208844,224167,216377,223477,238989,211432,206408,235153,215001,234573,238183,203842,208494,205092,237111,239101,230397,206020,239255,232151,213767,215947
i2p:276131,215791,269579,205320,244861,129,253623
server_side_optimization:234235,230677,257207,221979,214255,249219,274209,214091,260133,261137,265183,219811,256351,149,227129,251163,232887,266169,215235,246055,232173,253481,268035,264249
bigdata:265721,231359,249375,237649,242237,241349,227293,207234,207082,235465,260747,270675,245641,244579,128,248793,247321,271697,215881,232039,263541,243339,241527,249089,237583,228187,229091,237581,273831,253115,257247,246997,228575,206278,270583,204026,244491,228895,262837,206972,268839,242687,91,251829,48,225589,245795,222565,35,242403,216487,275113,209078,243967,222083,271205,245195,246405,264193
extjs:136,270343,271897,270369,226759,266773,244273
complete_code:218603,219891,213875,229833,205342,204600,246971,262681,262471,261439,252413,227545,259299,266969,228079,274387,256111,263939,220131,213785,205114,256477,265081,241650,257817,256109,92,264585,264113,229465,258725,256351,201534,265725,246877,258605,252419,229035,271339,221937,208980,269285,251089,205096,255057,260227,205098,230637,241103,207390
hardware:214821,264414,222067,212947,200318,233507,229299,236599,201422,223869,236121,223867,217581,232689,223571,227349,233781,217093,230371,206192,210600,227587,229645,229573,225335,231073,228761,239319,228189,225195,226503,208340,202078,210350,234059,264412,201140,235577,235571,226345,201878,235561,206912,211492,206444,213197,214377,231273,201954,238817,208828,220531,225855,228599,205414,221987,217479,225853,208342,260644,233161
zend_framework:212897,215025,268191,269125
scada:233639,274497,217401,256911,15,232061
iphone:210034,225143,215619,223061,227323,206832
crowdfunding:202654,206482,231447,220095,228345,234079,222475,221899,212599,218667,221987,219011,239035,233371,224485,223869,229445,204660
brainfuck:240163
unreal_engine:274159,251961,79,272635,17,239143,249965
game_consoles:213099,218407,223147,228761,201404,225445,207674,225429,206832,213527,228631,202442,221429,221609,203908
Bitbucket:224867,260315
antikvariat:217315,239319,200684,222569,237789,200494,200736,220941,221609
controllers:224459,274805,273875,250995,213561,224101,274845,219803,39,261807,228531,273871,273877,210418,242331,77,220433,273873,250293,262133,273879,26,214487,243395,235445,241718,218859,230651,209732,274841,274847,255445,40,274843,102,231373,252261,254717,257979,274179,222061,260999,258593
yahoo:212003
web_design:272129,233803,235545,226509,248441,252123,218241,245583,222433,249553,230405,219555,247731,250021,237931,252387,209362,59,273447,220091,231295,200088,255099,250001,232687,124,226025,218199,228875,206604,252181,250939,219591,229607,238607,254017,236683,239373,212899,213039,269075,260803,251759,226815,269113,268253,239901,261941,260605,260865,238485,247581,255287,226213,258061,250005,255489,209842,210332,272857,261225,236337,256315,3,205450,242833,261625,254915,248715,88,246699,259723,212499,249735,270891,235541,253383,264037,270617,265109,273751,204594,214407,258885,226343,218267,247693,250621,238755,232761,241730,242995,207576,256117,227969,240065,234417,208068
compilers:253325,254077,275801,270173,230777,255073,245449,229963,241369,270797,220459,227711,269021,222957,133,214275,258667,254121,254831,266591,255711,255695,210454,258249,252885,270083
prolog:246657,248847,2,274799,205418
robot:219799,210586,213221,215023,239847,228919,209304,211046,219969,231399,228555,228009,227387,205110,215405,204764,225819,220281,214525,234231,231481,239503,215909,211703,235343,204326,206068,202070,255814,224949,213011,214317,209774,222475,264412,227043,206624,201140,223535,231027,226655,212517,234431,207658,203756,237549,221933,224433,205240,228745,220071,226877,214797,226217,210018,210258,238859,216311,239497,218897,236595,239683,234949,229445,206818,222047
notebooks:225335,232581,202268,211554,236729,200736
angularjs:215407,268825,229225,4,218465,250761,233181,260437,269207,222065,52,274867,274203,245467,255653,204170,213705,200662,267549,201468,251111,225891,265847,215185,211937,204628,261847,273445,218385,215427,149,245049,259311,270459,247719,274437,232219,232257,250009,90,208346,208164,216469,262489,218813,244209,200058,246441,252981,269827,232023,220631
popular_science:231925,238357,209586,208490,223883
unity3d:200738,223317,249329,263489,228877,256379,207108,262901,269653,225629,236971,231841,268153,212309,263995,245489,223295,256951,244493,265107,270655,240107,249681,208122,248553,250711,235729,245487,250873,251997,236451,244571,221755,249027,211576,201228,268297,263899,250953,216185,230377,245589,242069,237091,224803,226635,226009,268663,249363,212069,215203,256439,55,230907,240105,248273,227361,275091,239237,246605,266839
action_script:274157,246119,249717,79,221197,275829,111,274495,15,113,233631
crypto:240865,217097,270117,210684,240765,129,266779,205548,267295,217331,269519,225145,259781,254909,275137,208086,206974,276131,221973,218609,275133,247309,211278,221489,212235,226859,217671,274473,210442,234277,257207,221485,243023,241854,254227,214403,244105,207006,237745,209778,149,254205,257605,252529,238397,258285,206586,257439,228833,213525,240803,218467,227611,255533,247179,211182,230923,200864,253623,201408,203904,150,258085,253045,270949,225083,217959,219091,268495,204556,232545,237765,247527,206724,228727,229717,239009,259199,218661,265309,41,202424,269579,268113,218053,269679,215557,200686,245791,255535,255537,265575,256579,229601,255531,269259,245483
meteorjs:262489,211020,205878,251355,249677,224143,211002,257113,265395,254031
dev_management:259293,274791,269883,262929,261861,270321,3,259317,270365,264985
copyright:220593,232707,240079,214359,210358,216981,200940,205410,238299,235781,209308,213727,232449,231485,204174,224161,218795,214959,235849
postgresql:209584,272675,203484,273149,269823,67,254425,217073,11,274131,261921,56,263541,216067,259141,242999,214723,246077,203320,232887,263225,234841,269889,258709,269497,269511,231033,203386,259531,240061
ios_dev:276363,255893,232049,221519,263561,262945,257229,262391,234603,241907,251623,230525,248785,209736,243331,250955,269741,258909,241345,256393,255775,268705,225089,258249,248771,256997,241289,250607,229649,253697,215447,265723,258627,207370,259007,254287,250745,244143,268179,249717,255653,227751,207238,217593,69,236707,271505,250423,252869,234439,218381,257661,244821,130,202910,212719,222713,227109,273487,257349,234853,239257,241714,239651,231165,238429,225297,261905,242621,245027,241229,260117,225899,269919,226251,221797,260787,250977,261907,225567,266297,247437,227987,228051,253099,246877,237367,256121,262415,266301,270411,255941,235917,240881,260691,276135,241303,237499,239217,214637,52,234683,246935,254891,233295,276119,239919,227863,250231,26,243865,274809,242669,225547,252367,151,261781,207140,225665,237725,264399,209288,212067,249029,243511,247541
php:214371,249367,235973,223047,206752,270809,264395,257991,233129,263333,224391,262927,223539,245401,247261,213971,267839,240841,245467,12,263075,208328,273955,248213,202638,256047,255139,239905,274631,259865,219907,276375,209864,266339,215025,245155,247893,203360,263629,252983,263933,201178,244421,240883,231847,202072,230393,256183,256123,207470,228951,240255,227841,269709,275139,208182,224351,210416,234353,251255,229879,240785,267811,259991,220051,266997,251833,219795,243961,216107,200472,44,216251,266291,258769,242067,251459,231605,251189,205456,203840,260351,221917,262137,244825,228805,270435,257281,255191,236107,222453,245911,256685,258767,263551,257439,262453,259627,221815,231097,232305,130,263261,242685,273777,207776,216187,276137,275131,240327,212773,261335,264017,252521,264863,270325,206442,210656,137,241710,216103,244517,216727,240493,240557,274647,256111,260997,234899,150,212681,239435,267293,267125,269125,212009,231801,240149,261137,253621,250667,271979,215955,267609,89,145,258139,230633,246573,266571,254203,253387,274615,234071,245549,260111,226585,226753,250825,263393,206216,209480,225851,268381,233491,255899,232157,225627,254915,242217,240329,221811,4,243857,266909,258903,211705,222813,229191,250251,258705,213933,266903,227807,271807,201658,275151,225081,272099,266865,251927,80,201096,240809,213895,202632,202058,244311,269377,68,270583,268191,200478,274439,245763,117,240789,259497,252851,268621,270087,208496,205418,266925,230805,261861,257625,205710,233243,221893,252349,254461,268035
parallel_programming:248041,230357,222227,248651,273771,269885,213319,250815,274287,271549,145,8,249403,230809,54,214951,267509,266901,233637,256705,246055,244881
asm:251479,253325,219893,262009,215225,209796,263093,251149,260991,201114,201528,259459,44,274617,266385,264313,266163,217375,207186,240517,260861,230359,211879,156,240689,269821,257591,264081,275861,239375,252647,266831,213459,238009,210782,246975
onversion:5122,5060,5106,5100,5074,5104,5086,5194,5174,5186,5070,5176,5528,5094,5108,5054,5076,5150,5082,5126
reverse-engineering:261725,248597,251479,254201,219893,249409,233129,262009,263093,251149,260991,243481,258397,259459,44,257413,274617,266385,257793,264313,238463,225663,210858,260861,213973,223313,269061,256451,228973,224063,257591,264081,243863,255153,224027,213205,259171,257387,247541
sys_admin:268995,261115,217915,250859,270015,204322,18,234235,67,268697,30,262397,215227,237137,243651,247439,275137,262395,218387,216067,204306,235197,227869,260133,265703,216101,248917,255443,270497,269073,210668,260955,250023,211254,263933,105,218249,215883,224869,100,262049,258283,216319,258595,213037,258881,233297,253481,217813,270773,257913,238813,267339,205458,267103,248671,259165,223279,211306,240443,252369,216215,206744,250341,214255,211915,11,79,215233,231277,217585,258229,265023,210410,224961,211917,249947,235133,240495,234255,258007,214095,233497,272163,260721,274639,244105,259821,268497,149,260159,245859,257663,249909,256573,200330,254403,203364,262047,206600,252875,246953,241309,270631,207356,232767,235007,240687,241654,231967,270933,232325,274677,260237,245875,232095,208104,258227,267507,259139,265763,269117,256107,226231,208866,268345,236573,215943,247903,257549,236551,247631,221795,83,252415,268197,208782,78,245021,275449,244703,264685,253851,251435,254999,239233,253139,220073,251163,262623,245549,243379,225527,230755,258845,270571,268331,263393,273731,246485,250487,257593,250705,253119,255197,261415,242819,267851,208184,260869,253877,242799,222501,260947,270421,215449,275341,268349,267189,271843,211042,249515,238469,101,269533,221513,270611,269163,245657,265065,211124,203652,266809,209348,259339,268729,242425,210626,252645,276171,235595,215367,246269,233315,242123,269729,256975,269679,267881,256689,235785,240937,253049,236373,241541,247711,240169,246447,203488,205326,249491,263623,265755,252201,233883,242741,262925,255655,269531,269213,266419,206642,233525,200476,250767,266847,218647,202914,231587
autogadgets:239475,214689
tartuprise:5080,5092,5088,5188,2854,5040
xcode:272109,254891,261907,239257,241714,266595,250423,214275,253697,262415,249029,225297,262391,115,251623
github:225501,266381,261743,235701,224867,33,215769,249767,230963,241117,239021,214079,244869,269883,237977,243579,275225,222041,238853,266813,244861,248303,236153,267769,268951
hi:275281,266499,242237,202584,259337,242311,210656,226779,207234,230677,271807,109,207612,228321,261921,245993,256081,253555,240067,266163,243339,241527,213127,217507,237581,214091,69,247631,242999,251085,219907,260133,224861,206854,271885,265183,210816,219135,257281,206816,206972,203730,251163,274137,245859,250621,262623,263897,242687,246483,232845,218687,249293,215147,268503,243451,227903,263545,228041,209432,238467,230393,55,207656,246055,261201,260125,243045,258881,260869,221199,210856
history:217315,211410,201974,214377,218407,228761,210412,210580,232727,237789,225429,205414,217785,229965,213527,228631,220967,217015,237491,220941
desktops:225853,206192,237789,200736
mssql:245631,200120,258629,249321,267487,268605,209698,270699,255825,128,205938,219415,211308,270499,267881,267505,272895,264927,255361,217897,247949,10,206630,256169,255259,233365,263267,263623,203194,275113,233083,234413,270363,212349,224981,222397,258005,217813,203076
ie:263443,201174,262853,249949
ReactJS:229853,265937,275227,266683,248799,272871,249279,33,264607,250581,229629,251111,247073,251835,271489,264423,117,84,264175,256979,274419,269303,259625,246959,252981
cvs:255443,207146,274131,260315,56,221999,250065,224827,239903,266381,250025,270321,261743,269515,268951,258005
3d_graphics:200738,225443,216163,272993,219327,248963,246133,227543,269591,239661,252771,250769,248785,222991,215559,206156,230671,250467,222225,261629,13,201572,202858,263453,212921,262749,245221,243457,259437,267377,230253,260391,256683,251081,267761,262235,248909,224003,235003,238425,272853,256439,237509,245225,214911,60,255753,221031
areer:0282,0300,0274,0266,0292,0286,0290,5138,0296
ecm:269267,224001,265919,241227,236723,224355,239041
arduino:254972,254968,255814,255024,254974,255812,254992,255310,255010,255012,255022,254970,254998,255020,255422,255818,255816,254994,255018
cad_cam:209654,271109,275441,29,235723,248005,205598,246895,202596,261005,231587
gae:270459,90,243837,271385,274431
typography:201400,214775,219555,212881,207656,248135,257415,214543,226637,243005,245953,250621,253381,237179,268383
openstreetmap:211430,268643,251459,259141,265807,207232,222875
crm:242081,50,226799,75,242397,213071,257795,88,248677,263641,244989,246053,237767,272421,236915,271863
ruby:227329,269477,207394,213813,255717,260033,246011,268031,215227,261439,269785,250007,253703,211348,258027,269721,208794,258083,266353,219175,252955,253439,231017,214191,202588,264589,271489,213269,270583,211498,256471,262603,261885,246077,261437,230809,271243,238667,251909,250079,265391,225667,264707,213709,267299,238163,251823,231141,253137
maths:270117,246991,231821,261041,264867,272659,250911,245545,247635,223953,227003,250585,247225,251085,218403,264941,255775,254759,248949,268507,229817,218343,228763,267879,233103,262601,58,240145,202220,274473,240323,203806,234277,261803,229757,222773,247457,228369,247221,229435,239765,256513,250855,220075,202596,264191,234315,209580,274641,276193,271889,250727,262497,263951,245221,270935,274151,263993,267461,248659,248493,203158,246951,248043,250763,224069,202486,262005,247179,209112,232255,274803,273525,267401,218483,250817,230053,255329,237629,265067,243211,230185,203926,221837,232153,27,208368,78,270949,250997,271207,237099,210276,94,210432,210812,204380,264139,200516,246979,229717,249375,204324,239009,208666,4,204858,88,248257,41,221361,220909,256081,225293,202052,241501,261563,211324,274471,245561,269685,204144,241810,263565,229601,70,211120
web_testing:249969,253323,252821,263429,103,116,247637,101,268385,270365,253867,265935,249219,249737,275171,242931,254209,274287,262929,243597,249403,54,260803,273731,259359,268381,261941,242025,272105,271329
atents:146,3084,3070,3064
finance:229581,208322,214931,209336,231029,209326,207710,208226,212087,209672
search_technologies:258399,263913,221853,208722,237415,249215,240049,223643,257669,215795,248309,252067,206066,274475,254141,253479,246679,222045,40
gdev:223317,249329,250703,261669,217463,221197,255893,246133,230427,207108,221519,220969,259375,64,249965,234603,251149,251623,235939,228201,236971,248785,237503,274159,265843,217171,246817,223295,250467,251101,206726,272427,213549,17,203752,265395,233475,201572,244639,248553,224555,217099,236747,255775,262749,268033,209342,217175,218401,230943,105,239143,237621,260131,249023,251081,220779,267601,237091,204494,273817,248909,226009,250367,205568,100,224513,213263,214547,268091,221919,224231,81,213787,211210,257957,275091,239237,242797,246605,25,225525,217891,272401,217653,212307,257603,203326,266595,235483,204298,228877,244275,265749,253697,269653,250745,252771,201136,276159,207920,107,231841,263509,79,255713,265911,232561,202676,216483,209582,268919,271527,217593,255055,235023,200980,261801,263453,220797,205798,250423,149,211576,226215,209410,206086,204384,230377,258437,226635,272365,230829,218037,55,238423,230669,267905,212719,222435,49,266839,233631,200086,275135,210444,50,252109,251479,241694,267527,237139,247695,201098,263977,272637,200880,213391,250769,212309,264115,260117,243519,225899,268937,211188,266435,214013,210334,270655,205262,240107,248001,238237,221913,212943,200730,236451,241381,254485,242023,259437,201228,247155,260391,265815,216599,206930,259255,215037,245589,237645,205732,268663,224003,256701,203928,202186,231987,230585,240105,265809,256889,238425,225463,251419,259171,216359,200516,239295,252267,155,260691,219327,248963,271849,225669,262901,16,229585,225403,269391,272161,260519,214177,266385,245461,244493,209650,236313,208100,266237,264109,208122,239751,250711,250873,251997,226561,274157,248381,234627,265047,221755,249027,212237,214713,226235,268297,250953,252367,227063,232047,223517,219155,267761,264457,238753,207140,210102,219909,232501,249363,256439,237509,272635,221283,210278,210622,237151,272423,247263,224029,225645
iTablet:225621,217913,263854,239759,209656,239939
opera:223065,231611,216239,214231,257665,236105,248961
san:268995,243413,237993,265763,258881,228107
gile:328,338,336,332
api:264717,205560,249961,267811,258903,246699,257991,270309,247543,276159,269659,266307,107,44,200472,263075,250393,254805,259477,227021,265061,239067,269377,259471,264093,265845,268643,249087,254795,226279,225199,274615,253839,261781,245043,264179,204958,212537,217753,229327,231807,267783
modding:232727
lisp:265531,230619,213391,237297,242649,212237,227983,247965
it_testing:209584,270967,221169,209576,103,209578,209346,204700,209822,229873,270365,211026,233081,203262,237973,239403,256373,140,215363,253867,203506,203264,235595,253139,249219,208822,256975,275171,242931,254209,244337,252473,215025,217379,250465,238353,262929,215409,231583,202184,243597,211060,261221,230925,200054,241798,258025,268503,257565,250709,202910,242685,253343,274037,230907,222565,268381,250705,242025,213787,232847,211322,261767,203328,208082,209752
emacs:265531,268709,258413
ui:229359,255287,256115,239491,206622,219699,220575,218421,224169,200076,263265,203262,222415,253097,203308,270891,230391,209922,214581,255651,205222,219731,243355,253383,248923,218051,254017,236459,211767,256021,217471,234217,235597,256689,219533,214253,250727,245951,243789,223555,271841,217979,235745,261225,247155,252387,213195,217075,201532,218201,94,250621,247451,236915,273447,273527,273711,211006,256315,258413,255099,257025,211122,230179,215027,204002,100,256121,235467,259315,220053,268253,243863,215249,248135,206686,3,252063,76,251451,250601,248575,224591,231923,208082
network_technologies:268995,250859,252733,18,219417,67,264503,261605,223003,273813,268173,259479,230961,216537,274209,264843,244705,214295,232905,218811,253021,207456,228977,241457,258949,267355,213025,243915,256451,275133,232297,215883,224869,253343,217751,252269,215281,213037,207868,273523,227327,257609,242359,215143,267103,264025,218463,233331,259399,216215,232705,273489,44,215233,217585,210410,251373,233457,238625,260721,257479,274639,244105,207006,255179,149,254205,273127,223511,258285,241021,262047,220449,233153,209432,221367,228971,246953,99,234995,216005,251123,231375,213107,231175,222455,257349,274677,232325,239411,232095,221515,252085,275119,216295,259139,219435,246095,235841,269117,234435,202206,38,246791,274613,272461,63,150,216317,268177,212061,267293,208782,78,221427,268175,244703,220431,218533,230469,215597,94,230755,268331,222719,239507,245421,239299,242819,252127,262027,231803,211042,249515,214409,270611,254293,245657,237193,268729,207182,241750,229091,252917,269679,248499,245047,53,238351,215421,203488,226775,223841,212049,267351,241509,252491,219537,256129,242741,250709,249257,247825,255655,215927,241929,228305,127,266847,259147,252715,210100,250237
circuit-design:255116,255124,255114,255120
image_processing:209738,207824,247581,229549,221649,230053,207282,231821,208820,229685,229757,217319,203774,207678,219305,225997,265961,201406,237307,245993,275429,249089,226347,216465,208982,229851,238629,208368,209776,203840,255949,239667,200640,222831,250625,215905,238783,218075,250441,271207,261225,266453,227343,217377,248969,268115,218429,258025,57,204234,236209,229817,235003,209730,201744,204682,259017,261477,201916,254737,218195,220557,265917,214979
Firebird:227849,243855,267297,267881,243187
development:209654,214371,266845,206802,221169,220077,239155,246133,267487,262945,259829,246971,200642,231213,220965,252413,223163,264869,274131,208506,268991,236743,269281,266163,264797,219209,15,265061,256393,258725,270943,252549,247949,206152,260723,269387,230943,227907,233221,208504,253839,220961,269129,248923,232927,273979,240043,221937,252981,256183,214547,71,211210,260233,247547,25,212713,270845,272401,218603,250379,204298,250489,250469,213541,207370,271863,204172,33,263509,214581,255713,232789,233747,259317,214079,256477,230239,251835,217379,203058,211436,209386,268497,262977,202184,123,268905,205994,262259,34,269075,215147,139,48,265741,73,130,244087,242685,202038,260451,248387,270155,274385,234853,221483,265049,261723,271693,265769,219055,265519,206154,211304,265801,266373,262949,261263,56,258027,238503,270321,268509,266435,248841,253477,244869,218325,214777,92,75,253485,254035,247385,273569,241891,263897,275225,237645,271339,248565,273731,208862,3,252531,272443,266457,258005,250135,207390,255941,235917,242081,276135,232865,218031,219891,253923,121,221249,250979,101,229873,261743,235763,223165,265747,249369,261689,203262,255673,240121,276119,249767,214177,274497,224593,250581,271719,232881,258597,260013,251111,233293,263971,200510,241650,250711,274791,275617,268723,256915,218937,211236,265163,151,259293,261267,218995,266591,231969,212027,263649,248063,203864,271201,256887,224929,251451,230637,254465,205130,265869,260373
m:222,218,048,18,64,060,084,080,110,256,244,140,250,174,36,128,148,046,38,004,072,262,214,106,178,014,210,056,086,220,166,212,144,034,236,204,134,196,258,142,228,136,102,216,036,182,184,100,028,188,070,026,138,120,60,002,968
lifehacks:209418
AJAX:242429,232305,254165,235191,266317,255327,219895
sharepoint:259253,266943,233083,249739,210818,220177,206230,270933
GreaseMonkey:226063
apps_design:273711,260519,255489,261225,259723,76,270891
microsoft:204708,225445,202268,203638,203244,210580,210290,226081,229965,220305,229583,201636,230307,201878
doctrine:240493,208182
android:207670,230331,205662,226691,206602,231025,203348,201116,229319,239767,214215,209772,201422,216321,225021,227565,220011,225047,212303,201914,238975,232273,232885,217091,204178,215089,230307,208262,225391,219711,220309,215619,213667,215141,237747,223453,235809,234059,217467,229647,224167,217015,210472,238989,220531,211432,235153,208364,215001,203842,219019,229857,209382,208494,229079,220967,206426,239939,215947
3d-printers:218193,214935,235195,231677,217193,217093,224485,215949,211416,205434,231073,202180,202070,226503,221621,235093,231299,223123,227961,223477,228345,213197,218667,202074
browsers:262853,255345,256027,263443,243869,30,249659,248783,261205,269729,245229,274209,251373,246097,257665,249407,149,257605,215149,40,249949,276269,255253,269213,275443,249495,248961
ecommerce_development:230401,252549,264689,260291,225523,211767,216689,216985
it_bigraphy:212003,232565,219943,223937,203300
physics:225583,214335,233507,231211,223573,229625,231399,228555,237563,231397,229077,230371,213893,211416,226049,230395,213811,221931,229573,226411,210620,236761,228189,217465,216445,217311,236181,232093,223645,226655,223843,217503,217775,235561,225549,222699,212795,212735,203460,216311,238481,233261,230397,240103
robo_dev:274849,78,249401
e_gov:201246,208146,206006,209474,211238
silverlight:215321
drupal:252521,251255,220013,266997,21,220965,262607,223913,269385,200908,202202,245763,246573,235251,201918,263261,130,271751,276137,256123,247059,240721,261335,243615
social_networks:204416,219715,227067,222245,234493,204930,200882,227105,229813,237197,201116,234319,228871,210236,231443,234147,230905,221017,227981,201284,236789
google:207670,230331,204760,201116,229319,228871,237491,234893,220011,225047,234231,210788,226081,208262,225391,206068,203244,235001,208988,210872,235951,226061,224947,211831,229999,212003,236729,229079,220967,212231,234949,201636,229521
rowthhacking:5084,162,5064
twitter:234075,236789
wireless:261115,238835,274453,231357,257227,227367,206060,238147,245671,241109,241367,201222,64,262851,140,246241,229777,44,79,209572,216537,234395,239989,207736,261787,274613,257135,235463,227303,215241,248499,212061,226431,228729,268175,257479,215929,214175,214915,258661,217657,231335,215421,200868,216963,261287,223511,213051,264299,202912,205344,218409,232685,252263,227689,265227,230179,266709,274037,238979,222085,240165,245421,226273,205062,258115,208160,251599,213107,250237,224933
DNS:221917,203292,202206,255171,245857,253119,216317,235197,270159,268197,242641
system_programming:273109,258721,275801,236743,269383,213225,253811,211574,270009,63,259477,240075,258391,42,247521,263269,259535,253049,255519,133,240843,274137,247173,211879,212885,258727,272619,244759,268135,223293,55,226565,260451,260223,207122,262531,267953,213567,259755
energy:223481,220899,202650,214233,233493,231211,223573,236151,200082,231377,221759,217483,231985,217581,231447,239475,231397,231271,219413,202836,212771,226049,217497,227009,229057,227029,236321,223955,237721,200140,223645,223843,235571,206444,231273,216379,206408,202248,225001,201208,214689,204794,230033,239907
regex:231017,218267,206858,256339,231929
funcprog:207126,238007,248257,228957,254587,215161,261723,270173,204086,261849,237495,257903,242333,259841,228893,263035,231801,270233,225995,200338,214713,123,203800,211815,262139,233637,203690,244821,211871,273979,222737,237297,244575,204124,240783,260961,248685,263959,221011,228181
virus:256147,254201,252755,261763,227163,240443,224317,276171,213101,257413,5,256835,264513,246175,268177,261945,83,253699,247265,206830,221871,256573,219095,232723,235449,261923,261881,265515,262413,239213,200274
vim:265579,232177,259995,259701,261783,267765,222285,221267,238483,264297,261179,264351,263487,208492,259725
go:256355,220031,202584,272383,251083,87,260033,242877,270081,64,248671,252417,255073,65,267785,269887,202948,214425,205268,274131,243593,56,252455,247727,254581,265183,222957,215653,260539,228627,247969,274457,205284,251759,262295,255711,274451,257593,260451,260609,260223,263019,270849,203328
os:209772,233521,213223,232581
osx_dev:266719,242621,240885,267425,242043,250977,250955,258249,240277,269741,262945,52,270969,273487
groovy_grails:220389,33,215343,116,220341,253151,248227,272105,218205,275225
yandex:207124,228693
accessibility:258413,243789,275617,121,261117,240065,208108,271125
s_admin:268995,232325,217915,257609,270015,203292,260947,204322,243613,246671,245875,270385,275611,214409,116,259337,243413,266477,230677,267103,234235,250469,257197,64,217819,262397,227041,269321,20,215227,209348,243651,210626,231277,265043,274387,272107,256975,269721,250859,204306,235133,224487,228107,262111,267353,268197,254011,92,262115,244703,10,238021,240169,237727,263091,251163,275075,252979,249571,230755,267351,203364,240725,215083,268331,233883,246223,246485,242641,274451,226419,262049,242879,202904,212595,246953,233525,250767,232767,261415,208732,266473,270969,210856
network_hardware:231311,222067
sound_and_music:255513,103,207806,121,231821,271693,224169,256577,235763,252143,245917,208188,242233,234437,267933,231841,274175,266145,232463,232153,257003,251087,17,211128,206974,216467,214755,259075,275613,227791,220159,212091,247385,211701,268905,34,221831,234073,248497,223293,257813,272635,202772,219437,244141,226439,247205,236703,266471,256769,256621,231923,227827
p2p:251625,210442,203294,222503,200578,247209,224007,234661,215429,238685,200390,221579,266779,253623,237193,240723,230429,150,258085,254227,255171,224807,257605,245791,207552,237497,275133,252167,241509,239181,273713,220577,227567,215927,239299,260339,76,203500,220093,245483
Swift:234853,244821,272109,241303,244575,268705,270457,256127,225089,227751,269741,225297,262391,266471,115,237367
augmented_reality:223147,239847,202078,239497,227501,221895
infographics:216445,212683,237911,227087
symfony:155,266909,258903,257991,272367,262927,200456,227807,240841,240493,256111,202632,202058,267125,269377,255191,245911,276155,240883,108,206216,202072,255691,240327,227841
supercomputers:223553
netdev:212713,202854,274155,257227,237951,88,205562,243809,223431,235763,223531,262851,207820,208302,200982,232925,240723,249711,249737,230927,246153,78,218367,253021,228729,261391,250959,235367,206212,213071,249901,221539,243251,220553,225239,228499,235401,261781,223841,200416,266169,236417,270153,215247,238819,223293,242397,206876,206366,242109,250709,228839,240165,218227,221533,235427,247205,219225,214235,204702,235937,262531,217199
artificial_intelligence:238161,215405,214797,220095,215023,214525,230075,214317,201220,209304,223553,239683,237549,203756,221933
fido:238575,225395,221959,208414
yii:205734,264969,264863,235973,216605,52,274867,226237,208328,219329,204578,212681,240149,235579,266929,228069,267609,236107,200478,256685,245227,260295,268361,238447,268381,208182
transport:217581,227009,214233,239847,237911,239683,217497
MongoDB:213265,224143,252129,260291,242541,230607,240255,265747,236723,243579,221221,231213
latex:242089,250997
domains:204490,214311,257207,272361,237673,202206,230039,269729,154,237347,238331,216317,205064,236555,252529,108,211232,253705,276153,249257,247825,269213,265515
mono:243483,227863,46,201460,268131,226695,275053
debug:242231,256355,255513,209346,271693,222199,262009,256577,263443,260991,254891,237885,259459,236743,270863,240075,210858,261289,234237,260861,221243,255199,247173,202242,34,216985,255323,102,257591,219537,240043,274179,238009,256621
Cocoa:212571,266719
machine_learning:266025,4,103,270367,271697,275429,256787,274641,253115,264397,274171,254753,252265,251829,57,269745,32,258841,35,263399,264139,271563,264193
stereoscopy:240129,220435
nginx:204666,257609,250931,87,257207,246011,52,274867,231277,214095,260133,236359,250023,260159,210316,232887,226875,267955,263545,272381,215235,202796,267097,233525,252349,240217,265599
vkontakte_api:92,250379,273387,264093,260117,251083,247987,250251,269741,270675,225645,226585
uml:217489
i_am_advertising:259741,211362,203448,239455,231339,219579,219141,219693,215985,270111,231173,241461,203848,243025,252735,218837,232749,221057,213529,258245,232285,104,233359,231631,273561,235039,247907,229523,268379,208640,236413,275175,215889,231441,204742,218091,222859,221203,252305,243069,208796,241149,212097,213507,213583,258695,250233,225797,206258,245315,255193,226899,214017,204006,224067,201268,217201,214799,213987,230675,221141,233523,265069,221645,214999,211761,220777,217977,205934,227585,207616,206992,229491,270957,239043,213645,259077,206720,253009,238149,265045,221195,214339,138,231981,210992,222477,231747,248081,234011,202818,235365,261209,263201,249795,222149,203696,206562,254221,247435,270235,201650,211028,219797,204766,219771,222817,218933,268629,220697,246879,257433,225897
derbyjs:222399,205220,213565
glonass:241109,207614,255921,241367
windows_dev:257209,250665,267425,264199,116,248787,268695,271105,266809,262747,262299,12,252103,273141,275409,251101,244465,249591,241656,80,274417,267505,272613,262137,246355,268523,247711,43,240843,247173,254795,252419,256687,40,261967,252759,261927,253645,266831,274477,265869,267789
sqlite:262279,252823,223483,223451,206754
Git:225251,261743,235591,220485,221979,221819,224867,236351,250025,244869,269671,252473,255443,206606,224805,253029,253413,203172,207146,269705,244861,208732,214911,236153,268951
GPGPU:260993,230357,256081,214951,238467
sport_programming:270325,103,88,121,272659,239235,269107,243275,203508,275343,238409,228493,246657,263979,274171,249293,255155,263957,243867,224231,206680,246975,236689,113
video:204666,262535,220019,260741,217999,233081,234683,234437,208788,256373,212965,221531,218811,236359,239667,249553,204570,212921,271207,230253,123,231653,232297,273759,257565,219537,258841,262393,254737,225291
cakephp:239905
ales:5528
mesh_networking:255171,237769,221959,221367
code_wtf:250715,243351,253325,256571,251083,59,272857
osx:200886,213223,235761,222439,210274,239759
tudy:750,790,742,718,238,678,794,738,762,720,632,634,672,700,796,772,754,648,806,618,704,666,680,730,734,660,748,792,756,690,640,234,768,646,656,746,736,670,706,766,732,668
home_automation:255148,231377,207596,231449
lasers:230371,223535
mediawiki:230073
crazydev:269453,254587,238879,206834,208186,223041,238395,221639,244963,227003,240787,259865,228493,200454,206142,204494,243351,237297,213263,216121,221011,228203,213913,235483,253325,212363,259991,228369,259007,220897,218229,205324,240517,213481,262977,156,248385,202678,240689,269931,213525,222737,209730,206858,275131,202874,274385,50,249129,253131,214355,229587,263871,255095,209256,203964,228831,63,150,232781,240163,42,264585,92,245487,248797,215597,202758,247249,244497,272619,250487,247929,268997,218341,261785,202750,232217,273109,237641,260197,219079,251083,202282,249929,230671,201678,228367,250713,227983,258391,220287,218057,214713,262021,203800,227063,229035,245043,275861,200084,242085,242649,202756,246975,272423,261021
sql:203076,274473,272675,200120,258629,267811,254773,67,267297,270573,269917,209698,270699,255825,255829,41,205938,93,263541,269281,243855,270499,267881,229199,272895,255361,246997,247949,10,206630,256169,269387,237099,264989,270577,48,203194,222565,269511,274383,270363,208264,259531,221989,209078,254461,222397,209138
google_chrome:214035,262853,208644,270809,220775,257361,245007,257647,215611,30,243963,205158,255897,215635,267501,218051,245229,215671,241199,236373,216239,200942,225197,203072,249949,232787,229293,212329,275443,253617,256579,237541,210854,243271
perl:264717,206704,253917,235279,101,67,245659,253133,236519,238407,249767,253047,263939,248713,265709,244317,221795,208492,263269,267887,257021,206152,243379,247733,269573,273731,247545,253701,272677,252509,205130,72,260373
announcements:240125
open_source:204666,249731,224823,225581,217203,261669,214543,258721,202810,267297,217999,225879,200456,262471,269659,208506,274617,222799,265807,201618,244705,211939,229779,265061,261885,263053,224335,218429,269129,249899,258413,229643,100,229069,268091,211647,272105,214911,271827,220093,262535,255309,257913,229969,248593,261117,265749,207732,221383,251419,44,220459,235193,252501,248227,274417,248557,204624,221917,225425,263453,261207,273127,257663,203968,225147,256683,237497,260295,274419,274841,243599,230403,224849,265741,266813,240293,230829,206876,221367,236333,240041,264689,216187,232767,200332,230801,253815,254777,233631,269307,270933,220367,200410,218483,258227,253421,248005,265919,270173,207774,274845,272637,215769,255349,234435,236205,253703,264115,38,201408,243855,221531,250707,268177,248001,245765,122,221913,266929,249087,259437,253029,261437,237977,260391,214039,240767,268361,250487,3,223687,216163,233265,271843,116,268817,204700,217319,211709,16,240513,265065,265961,222753,259339,215081,268923,230963,205364,221957,212965,231219,265537,243187,241656,77,239751,274791,243065,258661,117,270087,242297,248027,264457,274843,274847,212027,223143,245441,270579,242085,203674,204142,260339,252715,261005,237151,244273
map_api:268643,268647,241023,240681,265807,204228
tdd:232097,253323,232927,203506,219891,215955,209576,254289,231657,241301,245441,260013,250979,262945,248027,269917
ontentmarketing:5130,5072
javame_dev:206834,229623,238567
ObjectiveC:256997,239257,212571,266595,255893,221519,253697,215447,214637,265723,52,262945,251623,259007,233295,242621,209736,244143,243233,248785,236707,271505,250423,237367,244575,258249,209288,249029,273487,247541
mysql:214179,203650,235287,270179,254773,260297,230655,221979,255829,44,263075,202792,211022,210068,233479,240937,263629,268621,264989,232845,274615,234071,242337,269889,262925,260125,224821,259531,254461
oracle:224393,275619,122,275449,219811,249341,259015,269281,269387,234413,240427,207926,233801,235465,207924,30,240061,240769,249379
interviews:232449
localization:252969,248597,245027,268915,253913,237725,274475,274477,261221,259141,263227,40
im:216853,207984,207948,116,205562,247197,217289,216975,225191,211216,212029,209794,274417,230037,231337,217973,231019,238575,236417,264179,223709,264707
logic_games:210290
